90000: 1 	8000	0	17900
90000: 1 	8000	0	18000
90000: 1 	8000	0	18000
90000: 1 	8000	0	18000
90000: 1 	8000	0	18000
90000: 1 	8000	0	18000
90000: 1 	8000	0	18000
90000: 1 	8000	0	18000
90000: 1 	8000	0	18000
90000: 1 	8000	0	18000
90000: 1 	8000	0	18000
90000: 1 	8000	0	18000
90000: 1 	8000	0	18000
90000: 1 	8000	0	18000
90000: 1 	8000	0	18000
90000: 1 	8000	0	17900
90000: 1 	8000	0	18000
90000: 1 	8000	0	18000
90000: 1 	8000	0	18000
90000: 1 	500	0	2629400
90000: 1 	8000	0	18000
90000: 1 	8000	0	18000
90000: 1 	8000	0	18000
90000: 1 	8000	0	17900
90000: 1 	8000	0	18000
90000: 1 	8000	0	18000
90000: 1 	8000	0	18000
90000: 1 	8000	0	18000
90000: 1 	8000	0	18000
90000: 1 	8000	0	18000
90000: 1 	8000	0	18000
90000: 1 	8000	0	18000
90000: 1 	8000	0	18000
90000: 1 	8000	0	18000
90000: 1 	8000	0	18000
90000: 1 	8000	0	18000
90000: 1 	8000	0	18000
90000: 1 	8000	0	18000
90000: 1 	8000	0	17900
90000: 1 	8100	0	543800
90000: 1 	8000	0	18000
90000: 1 	8000	0	18000
90000: 1 	8000	0	18000
90000: 1 	8000	0	18000
90000: 1 	8000	0	18000
90000: 1 	8000	0	18000
90000: 1 	8000	0	18000
90000: 1 	8000	0	18000
90000: 1 	8000	0	18000
90000: 1 	8000	0	17900
90000: 1 	8000	0	18000
90000: 1 	8000	0	18000
90000: 1 	8000	0	18000
90000: 1 	8000	0	18000
90000: 1 	8000	0	18000
90000: 1 	8000	0	18000
90000: 1 	8000	0	18000
90000: 1 	8000	0	18000
90000: 1 	8000	0	18000
90000: 1 	8000	0	543900
90000: 1 	8000	0	17900
90000: 1 	8000	0	18000
90000: 1 	8000	0	18000
90000: 1 	8000	0	18000
90000: 1 	8000	0	18000
90000: 1 	8000	0	18000
90000: 1 	8000	0	18000
90000: 1 	8000	0	18000
90000: 1 	8000	0	18000
90000: 1 	8000	0	18000
90000: 1 	8000	0	18000
90000: 1 	8000	0	18000
90000: 1 	8000	0	18000
90000: 1 	8000	0	18000
90000: 1 	8000	0	18000
90000: 1 	8000	0	17900
90000: 1 	8000	0	18000
90000: 1 	8000	0	18000
90000: 1 	8000	0	18000
90000: 1 	8000	0	543900
90000: 1 	8000	0	18000
90000: 1 	8000	0	18000
90000: 1 	8000	0	18000
90000: 1 	8000	0	18000
90000: 1 	8000	0	18000
90000: 1 	8000	0	18000
90000: 1 	8000	0	17900
90000: 1 	8000	0	18000
90000: 1 	8000	0	18000
90000: 1 	8000	0	18000
90000: 1 	8000	0	18000
90000: 1 	8000	0	18000
90000: 1 	8000	0	18000
90000: 1 	8000	0	18000
90000: 1 	8000	0	18000
90000: 1 	8000	0	18000
90000: 1 	8000	0	18000
90000: 1 	8000	0	18000
90000: 1 	8000	0	18000
90000: 1 	8000	0	543800
90000: 1 	8000	0	18000
90000: 1 	8000	0	18000
90000: 1 	8000	0	18000
90000: 1 	8000	0	18000
90000: 1 	8000	0	18000
90000: 1 	8000	0	18000
90000: 1 	8000	0	18000
90000: 1 	8000	0	18000
90000: 1 	8000	0	18000
90000: 1 	8000	0	18000
90000: 1 	8000	0	18000
90000: 1 	8000	0	18000
90000: 1 	8000	0	17900
90000: 1 	8000	0	18000
90000: 1 	8000	0	18000
90000: 1 	8000	0	18000
90000: 1 	8000	0	18000
90000: 1 	8000	0	18000
90000: 1 	8000	0	18000
90000: 1 	8000	0	543900
90000: 1 	8000	0	18000
90000: 1 	8000	0	18000
90000: 1 	8000	0	18000
90000: 1 	8000	0	17900
90000: 1 	8000	0	18000
90000: 1 	8000	0	18000
90000: 1 	8000	0	18000
90000: 1 	8000	0	18000
90000: 1 	8000	0	18000
90000: 1 	8000	0	18000
90000: 1 	8000	0	18000
90000: 1 	8000	0	18000
90000: 1 	8000	0	18000
90000: 1 	8000	0	18000
90000: 1 	8000	0	18000
90000: 1 	8000	0	18000
90000: 1 	8000	0	18000
90000: 1 	8000	0	18000
90000: 1 	8000	0	17900
90000: 1 	8000	0	543900
90000: 1 	8000	0	18000
90000: 1 	8000	0	18000
90000: 1 	8000	0	18000
90000: 1 	8000	0	18000
90000: 1 	8000	0	18000
90000: 1 	8000	0	18000
90000: 1 	8000	0	18000
90000: 1 	8000	0	18000
90000: 1 	8000	0	18000
90000: 1 	8000	0	17900
90000: 1 	8000	0	18000
90000: 1 	8000	0	18000
90000: 1 	8000	0	18000
90000: 1 	8000	0	18000
90000: 1 	8000	0	18000
90000: 1 	8000	0	18000
90000: 1 	8000	0	18000
90000: 1 	8000	0	18000
90000: 1 	8000	0	18000
90000: 1 	8000	0	543900
90000: 1 	8000	0	17900
90000: 1 	8000	0	18000
90000: 1 	8000	0	18000
90000: 1 	8000	0	18000
90000: 1 	8000	0	18000
90000: 1 	8000	0	18000
90000: 1 	8000	0	18000
90000: 1 	8000	0	18000
90000: 1 	8000	0	18000
90000: 1 	8000	0	18000
90000: 1 	8000	0	18000
90000: 1 	8000	0	18000
90000: 1 	8000	0	18000
90000: 1 	8000	0	18000
90000: 1 	8000	0	18000
90000: 1 	8000	0	17900
90000: 1 	8000	0	18000
90000: 1 	8000	0	18000
90000: 1 	8000	0	18000
90000: 1 	8000	0	543900
90000: 1 	8000	0	18000
90000: 1 	8000	0	18000
90000: 1 	8000	0	18000
90000: 1 	8000	0	18000
90000: 1 	8000	0	18000
90000: 1 	8000	0	18000
90000: 1 	8000	0	17900
90000: 1 	8000	0	18000
90000: 1 	8000	0	18000
90000: 1 	8000	0	18000
90000: 1 	8000	0	18000
90000: 1 	8000	0	18000
90000: 1 	8000	0	18000
90000: 1 	8000	0	18000
90000: 1 	8000	0	18000
90000: 1 	8000	0	18000
90000: 1 	8000	0	18000
90000: 1 	8000	0	18000
90000: 1 	8000	0	18000
90000: 1 	8000	0	543800
90000: 1 	8000	0	18000
90000: 1 	8000	0	18000
90000: 1 	8000	0	18000
90000: 1 	8000	0	18000
90000: 1 	8000	0	18000
90000: 1 	8000	0	18000
90000: 1 	8000	0	18000
90000: 1 	8000	0	18000
90000: 1 	8000	0	18000
90000: 1 	8000	0	18000
90000: 1 	8000	0	18000
90000: 1 	8000	0	18000
90000: 1 	8000	0	17900
90000: 1 	8000	0	18000
90000: 1 	8000	0	18000
90000: 1 	8000	0	18000
90000: 1 	8000	0	18000
90000: 1 	8000	0	18000
90000: 1 	8000	0	18000
90000: 1 	8000	0	20288900
90000: 1 	8000	0	18000
90000: 1 	8000	0	18000
90000: 1 	8000	0	18000
90000: 1 	8000	0	18000
90000: 1 	8000	0	18000
90000: 1 	8000	0	18000
90000: 1 	8000	0	18000
90000: 1 	8000	0	18000
90000: 1 	8000	0	18000
90000: 1 	8000	0	18000
90000: 1 	8000	0	18000
90000: 1 	8000	0	18000
90000: 1 	8000	0	18000
90000: 1 	8000	0	18000
90000: 1 	8000	0	17900
90000: 1 	8000	0	18000
90000: 1 	8000	0	18000
90000: 1 	8000	0	18000
90000: 1 	8000	0	18000
90000: 1 	8000	0	2633400
90000: 1 	8000	0	18000
90000: 1 	8000	0	17900
90000: 1 	8000	0	18000
90000: 1 	8000	0	18000
90000: 1 	8000	0	18000
90000: 1 	8000	0	18000
90000: 1 	8000	0	18000
90000: 1 	8000	0	18000
90000: 1 	8000	0	18000
90000: 1 	8000	0	18000
90000: 1 	8000	0	18000
90000: 1 	8000	0	18000
90000: 1 	8000	0	18000
90000: 1 	8000	0	18000
90000: 1 	8000	0	18000
90000: 1 	8000	0	18000
90000: 1 	8000	0	18000
90000: 1 	8000	0	17900
90000: 1 	8000	0	18000
90000: 1 	8000	0	1083800
90000: 1 	8000	0	18000
90000: 1 	8000	0	18000
90000: 1 	8000	0	17900
90000: 1 	8000	0	18000
90000: 1 	8000	0	18000
90000: 1 	8000	0	18000
90000: 1 	8000	0	18000
90000: 1 	8000	0	18000
90000: 1 	8000	0	18000
90000: 1 	8000	0	18000
90000: 1 	8000	0	18000
90000: 1 	8000	0	18000
90000: 1 	8000	0	18000
90000: 1 	8000	0	18000
90000: 1 	8000	0	18000
90000: 1 	8000	0	18000
90000: 1 	8000	0	18000
90000: 1 	8000	0	17900
90000: 1 	8100	0	17900
90000: 1 	8000	0	543900
90000: 1 	8000	0	18000
90000: 1 	8000	0	18000
90000: 1 	8000	0	18000
90000: 1 	8000	0	18000
90000: 1 	8000	0	18000
90000: 1 	8000	0	18000
90000: 1 	8000	0	18000
90000: 1 	8000	0	18000
90000: 1 	8000	0	17900
90000: 1 	8000	0	18000
90000: 1 	8000	0	18000
90000: 1 	8000	0	18000
90000: 1 	8000	0	18000
90000: 1 	8000	0	18000
90000: 1 	8000	0	18000
90000: 1 	8000	0	18000
90000: 1 	8000	0	18000
90000: 1 	8000	0	18000
90000: 1 	8000	0	18000
90000: 1 	8000	0	543800
90000: 1 	8000	0	18000
90000: 1 	8000	0	18000
90000: 1 	8000	0	18000
90000: 1 	8000	0	18000
90000: 1 	8000	0	18000
90000: 1 	8000	0	18000
90000: 1 	8000	0	18000
90000: 1 	8000	0	18000
90000: 1 	8000	0	18000
90000: 1 	8000	0	18000
90000: 1 	8000	0	18000
90000: 1 	8000	0	18000
90000: 1 	8000	0	18000
90000: 1 	8000	0	18000
90000: 1 	8000	0	17900
90000: 1 	8000	0	18000
90000: 1 	8000	0	18000
90000: 1 	8000	0	18000
90000: 1 	8000	0	18000
90000: 1 	8000	0	543900
90000: 1 	8000	0	18000
90000: 1 	8000	0	18000
90000: 1 	8000	0	18000
90000: 1 	8000	0	18000
90000: 1 	8000	0	18000
90000: 1 	8000	0	17900
90000: 1 	8000	0	18000
90000: 1 	8000	0	18000
90000: 1 	8000	0	18000
90000: 1 	8000	0	18000
90000: 1 	8000	0	18000
90000: 1 	8000	0	18000
90000: 1 	8000	0	18000
90000: 1 	8000	0	18000
90000: 1 	8000	0	18000
90000: 1 	8000	0	18000
90000: 1 	8000	0	18000
90000: 1 	8000	0	18000
90000: 1 	8000	0	18000
90000: 1 	8000	0	543800
90000: 1 	8000	0	18000
90000: 1 	8000	0	18000
90000: 1 	8000	0	18000
90000: 1 	8000	0	18000
90000: 1 	8000	0	18000
90000: 1 	8000	0	18000
90000: 1 	8000	0	18000
90000: 1 	8000	0	18000
90000: 1 	8000	0	18000
90000: 1 	8000	0	18000
90000: 1 	8000	0	18000
90000: 1 	8000	0	17900
90000: 1 	8000	0	18000
90000: 1 	8000	0	18000
90000: 1 	8000	0	18000
90000: 1 	8000	0	18000
90000: 1 	8000	0	18000
90000: 1 	8000	0	18000
90000: 1 	8000	0	18000
90000: 1 	8000	0	18000
90000: 1 	8000	0	18000
90000: 1 	8000	0	18000
90000: 1 	8000	0	18000
90000: 1 	8000	0	18000
90000: 1 	8000	0	18000
90000: 1 	8000	0	18000
90000: 1 	8000	0	18000
90000: 1 	8000	0	17900
90000: 1 	8000	0	18000
90000: 1 	8000	0	18000
90000: 1 	8000	0	18000
90000: 1 	8000	0	18000
90000: 1 	8000	0	18000
90000: 1 	8000	0	18000
90000: 1 	8000	0	18000
90000: 1 	8000	0	18000
90000: 1 	8000	0	18000
90000: 1 	8000	0	18000
90000: 1 	8000	0	1095700
90000: 1 	8000	0	18000
90000: 1 	8000	0	18000
90000: 1 	8000	0	18000
90000: 1 	8000	0	18000
90000: 1 	8000	0	18000
90000: 1 	8000	0	18000
90000: 1 	8000	0	18000
90000: 1 	8000	0	18000
90000: 1 	8000	0	17900
90000: 1 	8000	0	18000
90000: 1 	8000	0	18000
90000: 1 	8000	0	18000
90000: 1 	8000	0	18000
90000: 1 	8000	0	18000
90000: 1 	8000	0	18000
90000: 1 	8000	0	18000
90000: 1 	8000	0	18000
90000: 1 	8000	0	18000
90000: 1 	8000	0	18000
90000: 1 	8000	0	543800
90000: 1 	8000	0	18000
90000: 1 	8000	0	18000
90000: 1 	8000	0	18000
90000: 1 	8000	0	18000
90000: 1 	8000	0	18000
90000: 1 	8000	0	18000
90000: 1 	8000	0	18000
90000: 1 	8000	0	18000
90000: 1 	8000	0	18000
90000: 1 	8000	0	18000
90000: 1 	8000	0	18000
90000: 1 	8000	0	18000
90000: 1 	8000	0	18000
90000: 1 	8000	0	18000
90000: 1 	8000	0	17900
90000: 1 	8000	0	18000
90000: 1 	8000	0	18000
90000: 1 	8000	0	18000
90000: 1 	8000	0	18000
90000: 1 	8000	0	543900
90000: 1 	8000	0	18000
90000: 1 	8000	0	18000
90000: 1 	8000	0	18000
90000: 1 	8000	0	18000
90000: 1 	8000	0	18000
90000: 1 	8000	0	17900
90000: 1 	8000	0	18000
90000: 1 	8000	0	18000
90000: 1 	8000	0	18000
90000: 1 	8000	0	18000
90000: 1 	8000	0	18000
90000: 1 	8000	0	18000
90000: 1 	8000	0	18000
90000: 1 	8000	0	18000
90000: 1 	8000	0	18000
90000: 1 	8000	0	18000
90000: 1 	8000	0	18000
90000: 1 	8000	0	18000
90000: 1 	8000	0	18000
90000: 1 	8000	0	101992500
90000: 1 	8000	0	18000
90000: 1 	8000	0	18000
90000: 1 	8000	0	18000
90000: 1 	8000	0	18000
90000: 1 	8000	0	18000
90000: 1 	8000	0	18000
90000: 1 	8000	0	18000
90000: 1 	8000	0	18000
90000: 1 	8000	0	17900
90000: 1 	8100	0	17900
90000: 1 	8000	0	18000
90000: 1 	8000	0	18000
90000: 1 	8000	0	18000
90000: 1 	8000	0	18000
90000: 1 	8000	0	18000
90000: 1 	8000	0	18000
90000: 1 	8000	0	18000
90000: 1 	8000	0	18000
90000: 1 	8000	0	18000
90000: 1 	8000	0	2633300
90000: 1 	8000	0	18000
90000: 1 	8000	0	18000
90000: 1 	8000	0	18000
90000: 1 	8000	0	18000
90000: 1 	8000	0	18000
90000: 1 	8000	0	18000
90000: 1 	8000	0	18000
90000: 1 	8000	0	18000
90000: 1 	8000	0	18000
90000: 1 	8000	0	18000
90000: 1 	8000	0	18000
90000: 1 	8000	0	17900
90000: 1 	8000	0	18000
90000: 1 	8000	0	18000
90000: 1 	8000	0	18000
90000: 1 	8000	0	18000
90000: 1 	8000	0	18000
90000: 1 	8000	0	18000
90000: 1 	8000	0	18000
90000: 1 	8000	0	1083700
90000: 1 	8000	0	18000
90000: 1 	8000	0	18000
90000: 1 	8000	0	18000
90000: 1 	8000	0	18000
90000: 1 	8000	0	18000
90000: 1 	8000	0	18000
90000: 1 	8000	0	18000
90000: 1 	8000	0	18000
90000: 1 	8000	0	18000
90000: 1 	8000	0	18000
90000: 1 	8000	0	18000
90000: 1 	8000	0	18000
90000: 1 	8000	0	17900
90000: 1 	8000	0	18000
90000: 1 	8000	0	18000
90000: 1 	8000	0	18000
90000: 1 	8000	0	18000
90000: 1 	8000	0	18000
90000: 1 	8000	0	18000
90000: 1 	8000	0	543900
90000: 1 	8000	0	18000
90000: 1 	8000	0	18000
90000: 1 	8000	0	18000
90000: 1 	8000	0	17900
90000: 1 	8000	0	18000
90000: 1 	8000	0	18000
90000: 1 	8000	0	18000
90000: 1 	8000	0	18000
90000: 1 	8000	0	18000
90000: 1 	8000	0	18000
90000: 1 	8000	0	18000
90000: 1 	8000	0	18000
90000: 1 	8000	0	18000
90000: 1 	8000	0	18000
90000: 1 	8000	0	18000
90000: 1 	8000	0	18000
90000: 1 	8000	0	18000
90000: 1 	8000	0	18000
90000: 1 	8000	0	17900
90000: 1 	8000	0	543900
90000: 1 	8000	0	18000
90000: 1 	8000	0	18000
90000: 1 	8000	0	18000
90000: 1 	8000	0	18000
90000: 1 	8000	0	18000
90000: 1 	8000	0	18000
90000: 1 	8000	0	18000
90000: 1 	8000	0	18000
90000: 1 	8000	0	18000
90000: 1 	8000	0	17900
90000: 1 	8000	0	18000
90000: 1 	8000	0	18000
90000: 1 	8000	0	18000
90000: 1 	8000	0	18000
90000: 1 	8000	0	18000
90000: 1 	8000	0	18000
90000: 1 	8000	0	18000
90000: 1 	8000	0	18000
90000: 1 	8000	0	18000
90000: 1 	8000	0	543800
90000: 1 	8100	0	17900
90000: 1 	8000	0	18000
90000: 1 	8000	0	18000
90000: 1 	8000	0	18000
90000: 1 	8000	0	18000
90000: 1 	8000	0	18000
90000: 1 	8000	0	18000
90000: 1 	8000	0	18000
90000: 1 	8000	0	18000
90000: 1 	8000	0	18000
90000: 1 	8000	0	18000
90000: 1 	8000	0	18000
90000: 1 	8000	0	18000
90000: 1 	8000	0	18000
90000: 1 	8000	0	18000
90000: 1 	8000	0	17900
90000: 1 	8000	0	18000
90000: 1 	8000	0	18000
90000: 1 	8000	0	18000
90000: 1 	8000	0	543900
90000: 1 	8000	0	18000
90000: 1 	8000	0	18000
90000: 1 	8000	0	18000
90000: 1 	8000	0	18000
90000: 1 	8000	0	18000
90000: 1 	8000	0	18000
90000: 1 	8000	0	17900
90000: 1 	8000	0	18000
90000: 1 	8000	0	18000
90000: 1 	8000	0	18000
90000: 1 	8000	0	18000
90000: 1 	8000	0	18000
90000: 1 	8000	0	18000
90000: 1 	8000	0	18000
90000: 1 	8000	0	18000
90000: 1 	8000	0	18000
90000: 1 	8000	0	18000
90000: 1 	8000	0	18000
90000: 1 	8000	0	18000
90000: 1 	8000	0	18000
90000: 1 	8000	0	18000
90000: 1 	8000	0	17900
90000: 1 	8000	0	18000
90000: 1 	8000	0	18000
90000: 1 	8000	0	18000
90000: 1 	8000	0	18000
90000: 1 	8000	0	18000
90000: 1 	8000	0	18000
90000: 1 	8000	0	18000
90000: 1 	8000	0	18000
90000: 1 	8000	0	18000
90000: 1 	8000	0	18000
90000: 1 	8000	0	18000
90000: 1 	8000	0	18000
90000: 1 	8000	0	18000
90000: 1 	8000	0	18000
90000: 1 	8000	0	18000
90000: 1 	8000	0	17900
90000: 1 	8000	0	1095800
90000: 1 	8000	0	18000
90000: 1 	8000	0	18000
90000: 1 	8000	0	18000
90000: 1 	8000	0	17900
90000: 1 	8000	0	18000
90000: 1 	8000	0	18000
90000: 1 	8000	0	18000
90000: 1 	8000	0	18000
90000: 1 	8000	0	18000
90000: 1 	8000	0	18000
90000: 1 	8000	0	18000
90000: 1 	8000	0	18000
90000: 1 	8000	0	18000
90000: 1 	8000	0	18000
90000: 1 	8000	0	18000
90000: 1 	8000	0	18000
90000: 1 	8000	0	18000
90000: 1 	8000	0	18000
90000: 1 	8000	0	17900
90000: 1 	8000	0	543900
90000: 1 	8000	0	18000
90000: 1 	8000	0	18000
90000: 1 	8000	0	18000
90000: 1 	8000	0	18000
90000: 1 	8000	0	18000
90000: 1 	8000	0	18000
90000: 1 	8000	0	18000
90000: 1 	8000	0	18000
90000: 1 	8000	0	18000
90000: 1 	8000	0	17900
90000: 1 	8000	0	18000
90000: 1 	8000	0	18000
90000: 1 	8000	0	18000
90000: 1 	8000	0	18000
90000: 1 	8000	0	18000
90000: 1 	8000	0	18000
90000: 1 	8000	0	18000
90000: 1 	8000	0	18000
90000: 1 	8000	0	18000
90000: 1 	8000	0	543800
90000: 1 	8100	0	17900
90000: 1 	8000	0	18000
90000: 1 	8000	0	18000
90000: 1 	8000	0	18000
90000: 1 	8000	0	18000
90000: 1 	8000	0	18000
90000: 1 	8000	0	18000
90000: 1 	8000	0	18000
90000: 1 	8000	0	18000
90000: 1 	8000	0	18000
90000: 1 	8000	0	18000
90000: 1 	8000	0	18000
90000: 1 	8000	0	18000
90000: 1 	8000	0	18000
90000: 1 	8000	0	18000
90000: 1 	8000	0	17900
90000: 1 	8000	0	18000
90000: 1 	8000	0	18000
90000: 1 	8000	0	18000
